n s r c name x y z
0 0 0 0 A01 0 0 30
1 1 0 1 A02 -9 0 30
2 2 0 2 A03 -18 0 30
3 3 0 3 A04 -27 0 30
4 4 0 4 A05 -36 0 30
5 5 0 5 A06 -45 0 30
6 6 0 6 A07 -54 0 30
7 7 0 7 A08 -63 0 30
8 8 0 8 A09 -72 0 30
9 9 0 9 A10 -81 0 30
10 10 0 10 A11 -90 0 30
11 11 0 11 A12 -99 0 30
12 23 1 0 B01 0 9 30
13 22 1 1 B02 -9 9 30
14 21 1 2 B03 -18 9 30
15 20 1 3 B04 -27 9 30
16 19 1 4 B05 -36 9 30
17 18 1 5 B06 -45 9 30
18 17 1 6 B07 -54 9 30
19 16 1 7 B08 -63 9 30
20 15 1 8 B09 -72 9 30
21 14 1 9 B10 -81 9 30
22 13 1 10 B11 -90 9 30
23 12 1 11 B12 -99 9 30
24 24 2 0 C01 0 18 30
25 25 2 1 C02 -9 18 30
26 26 2 2 C03 -18 18 30
27 27 2 3 C04 -27 18 30
28 28 2 4 C05 -36 18 30
29 29 2 5 C06 -45 18 30
30 30 2 6 C07 -54 18 30
31 31 2 7 C08 -63 18 30
32 32 2 8 C09 -72 18 30
33 33 2 9 C10 -81 18 30
34 34 2 10 C11 -90 18 30
35 35 2 11 C12 -99 18 30
36 47 3 0 D01 0 27 30
37 46 3 1 D02 -9 27 30
38 45 3 2 D03 -18 27 30
39 44 3 3 D04 -27 27 30
40 43 3 4 D05 -36 27 30
41 42 3 5 D06 -45 27 30
42 41 3 6 D07 -54 27 30
43 40 3 7 D08 -63 27 30
44 39 3 8 D09 -72 27 30
45 38 3 9 D10 -81 27 30
46 37 3 10 D11 -90 27 30
47 36 3 11 D12 -99 27 30
48 48 4 0 E01 0 36 30
49 49 4 1 E02 -9 36 30
50 50 4 2 E03 -18 36 30
51 51 4 3 E04 -27 36 30
52 52 4 4 E05 -36 36 30
53 53 4 5 E06 -45 36 30
54 54 4 6 E07 -54 36 30
55 55 4 7 E08 -63 36 30
56 56 4 8 E09 -72 36 30
57 57 4 9 E10 -81 36 30
58 58 4 10 E11 -90 36 30
59 59 4 11 E12 -99 36 30
60 71 5 0 F01 0 45 30
61 70 5 1 F02 -9 45 30
62 69 5 2 F03 -18 45 30
63 68 5 3 F04 -27 45 30
64 67 5 4 F05 -36 45 30
65 66 5 5 F06 -45 45 30
66 65 5 6 F07 -54 45 30
67 64 5 7 F08 -63 45 30
68 63 5 8 F09 -72 45 30
69 62 5 9 F10 -81 45 30
70 61 5 10 F11 -90 45 30
71 60 5 11 F12 -99 45 30
72 72 6 0 G01 0 54 30
73 73 6 1 G02 -9 54 30
74 74 6 2 G03 -18 54 30
75 75 6 3 G04 -27 54 30
76 76 6 4 G05 -36 54 30
77 77 6 5 G06 -45 54 30
78 78 6 6 G07 -54 54 30
79 79 6 7 G08 -63 54 30
80 80 6 8 G09 -72 54 30
81 81 6 9 G10 -81 54 30
82 82 6 10 G11 -90 54 30
83 83 6 11 G12 -99 54 30
84 95 7 0 H01 0 63 30
85 94 7 1 H02 -9 63 30
86 93 7 2 H03 -18 63 30
87 92 7 3 H04 -27 63 30
88 91 7 4 H05 -36 63 30
89 90 7 5 H06 -45 63 30
90 89 7 6 H07 -54 63 30
91 88 7 7 H08 -63 63 30
92 87 7 8 H09 -72 63 30
93 86 7 9 H10 -81 63 30
94 85 7 10 H11 -90 63 30
95 84 7 11 H12 -99 63 30