n s r c name x y z
0 0 0 0 A01 0 0 30
1 1 0 1 A02 0 9 30
2 2 0 2 A03 0 18 30
3 3 0 3 A04 0 27 30
4 4 0 4 A05 0 36 30
5 5 0 5 A06 0 45 30
6 6 0 6 A07 0 54 30
7 7 0 7 A08 0 63 30
8 8 0 8 A09 0 72 30
9 9 0 9 A10 0 81 30
10 10 0 10 A11 0 90 30
11 11 0 11 A12 0 99 30
8 23 1 0 B01 9 0 30
9 22 1 1 B02 9 9 30
10 21 1 2 B03 9 18 30
11 20 1 3 B04 9 27 30
12 19 1 4 B05 9 36 30
13 18 1 5 B06 9 45 30
14 17 1 6 B07 9 54 30
15 16 1 7 B08 9 63 30
16 15 1 8 B09 9 72 30
17 14 1 9 B10 9 81 30
18 13 1 10 B11 9 90 30
19 12 1 11 B12 9 99 30
16 24 2 0 C01 18 0 30
17 25 2 1 C02 18 9 30
18 26 2 2 C03 18 18 30
19 27 2 3 C04 18 27 30
20 28 2 4 C05 18 36 30
21 29 2 5 C06 18 45 30
22 30 2 6 C07 18 54 30
23 31 2 7 C08 18 63 30
24 32 2 8 C09 18 72 30
25 33 2 9 C10 18 81 30
26 34 2 10 C11 18 90 30
27 35 2 11 C12 18 99 30
24 47 3 0 D01 27 0 30
25 46 3 1 D02 27 9 30
26 45 3 2 D03 27 18 30
27 44 3 3 D04 27 27 30
28 43 3 4 D05 27 36 30
29 42 3 5 D06 27 45 30
30 41 3 6 D07 27 54 30
31 40 3 7 D08 27 63 30
32 39 3 8 D09 27 72 30
33 38 3 9 D10 27 81 30
34 37 3 10 D11 27 90 30
35 36 3 11 D12 27 99 30
32 48 4 0 E01 36 0 30
33 49 4 1 E02 36 9 30
34 50 4 2 E03 36 18 30
35 51 4 3 E04 36 27 30
36 52 4 4 E05 36 36 30
37 53 4 5 E06 36 45 30
38 54 4 6 E07 36 54 30
39 55 4 7 E08 36 63 30
40 56 4 8 E09 36 72 30
41 57 4 9 E10 36 81 30
42 58 4 10 E11 36 90 30
43 59 4 11 E12 36 99 30
40 71 5 0 F01 45 0 30
41 70 5 1 F02 45 9 30
42 69 5 2 F03 45 18 30
43 68 5 3 F04 45 27 30
44 67 5 4 F05 45 36 30
45 66 5 5 F06 45 45 30
46 65 5 6 F07 45 54 30
47 64 5 7 F08 45 63 30
48 63 5 8 F09 45 72 30
49 62 5 9 F10 45 81 30
50 61 5 10 F11 45 90 30
51 60 5 11 F12 45 99 30
48 72 6 0 G01 54 0 30
49 73 6 1 G02 54 9 30
50 74 6 2 G03 54 18 30
51 75 6 3 G04 54 27 30
52 76 6 4 G05 54 36 30
53 77 6 5 G06 54 45 30
54 78 6 6 G07 54 54 30
55 79 6 7 G08 54 63 30
56 80 6 8 G09 54 72 30
57 81 6 9 G10 54 81 30
58 82 6 10 G11 54 90 30
59 83 6 11 G12 54 99 30
56 95 7 0 H01 63 0 30
57 94 7 1 H02 63 9 30
58 93 7 2 H03 63 18 30
59 92 7 3 H04 63 27 30
60 91 7 4 H05 63 36 30
61 90 7 5 H06 63 45 30
62 89 7 6 H07 63 54 30
63 88 7 7 H08 63 63 30
64 87 7 8 H09 63 72 30
65 86 7 9 H10 63 81 30
66 85 7 10 H11 63 90 30
67 84 7 11 H12 63 99 30