n	s	r	c	name	x	y	z
0	0	0	0	A01	0.0	0.0	0.0
1	1	0	1	A02	4.5	0.0	0.0
2	2	0	2	A03	9.0	0.0	0.0
3	3	0	3	A04	13.5	0.0	0.0
4	4	0	4	A05	18.0	0.0	0.0
5	5	0	5	A06	22.5	0.0	0.0
6	6	0	6	A07	27.0	0.0	0.0
7	7	0	7	A08	31.5	0.0	0.0
8	8	0	8	A09	36.0	0.0	0.0
9	9	0	9	A10	40.5	0.0	0.0
10	10	0	10	A11	45.0	0.0	0.0
11	11	0	11	A12	49.5	0.0	0.0
12	12	0	12	A13	54.0	0.0	0.0
13	13	0	13	A14	58.5	0.0	0.0
14	14	0	14	A15	63.0	0.0	0.0
15	15	0	15	A16	67.5	0.0	0.0
16	16	0	16	A17	72.0	0.0	0.0
17	17	0	17	A18	76.5	0.0	0.0
18	18	0	18	A19	81.0	0.0	0.0
19	19	0	19	A20	85.5	0.0	0.0
20	20	0	20	A21	90.0	0.0	0.0
21	21	0	21	A22	94.5	0.0	0.0
22	22	0	22	A23	99.0	0.0	0.0
23	23	0	23	A24	103.5	0.0	0.0
24	47	1	0	B01	0.0	4.5	0.0
25	46	1	1	B02	4.5	4.5	0.0
26	45	1	2	B03	9.0	4.5	0.0
27	44	1	3	B04	13.5	4.5	0.0
28	43	1	4	B05	18.0	4.5	0.0
29	42	1	5	B06	22.5	4.5	0.0
30	41	1	6	B07	27.0	4.5	0.0
31	40	1	7	B08	31.5	4.5	0.0
32	39	1	8	B09	36.0	4.5	0.0
33	38	1	9	B10	40.5	4.5	0.0
34	37	1	10	B11	45.0	4.5	0.0
35	36	1	11	B12	49.5	4.5	0.0
36	35	1	12	B13	54.0	4.5	0.0
37	34	1	13	B14	58.5	4.5	0.0
38	33	1	14	B15	63.0	4.5	0.0
39	32	1	15	B16	67.5	4.5	0.0
40	31	1	16	B17	72.0	4.5	0.0
41	30	1	17	B18	76.5	4.5	0.0
42	29	1	18	B19	81.0	4.5	0.0
43	28	1	19	B20	85.5	4.5	0.0
44	27	1	20	B21	90.0	4.5	0.0
45	26	1	21	B22	94.5	4.5	0.0
46	25	1	22	B23	99.0	4.5	0.0
47	24	1	23	B24	103.5	4.5	0.0
48	48	2	0	C01	0.0	9.0	0.0
49	49	2	1	C02	4.5	9.0	0.0
50	50	2	2	C03	9.0	9.0	0.0
51	51	2	3	C04	13.5	9.0	0.0
52	52	2	4	C05	18.0	9.0	0.0
53	53	2	5	C06	22.5	9.0	0.0
54	54	2	6	C07	27.0	9.0	0.0
55	55	2	7	C08	31.5	9.0	0.0
56	56	2	8	C09	36.0	9.0	0.0
57	57	2	9	C10	40.5	9.0	0.0
58	58	2	10	C11	45.0	9.0	0.0
59	59	2	11	C12	49.5	9.0	0.0
60	60	2	12	C13	54.0	9.0	0.0
61	61	2	13	C14	58.5	9.0	0.0
62	62	2	14	C15	63.0	9.0	0.0
63	63	2	15	C16	67.5	9.0	0.0
64	64	2	16	C17	72.0	9.0	0.0
65	65	2	17	C18	76.5	9.0	0.0
66	66	2	18	C19	81.0	9.0	0.0
67	67	2	19	C20	85.5	9.0	0.0
68	68	2	20	C21	90.0	9.0	0.0
69	69	2	21	C22	94.5	9.0	0.0
70	70	2	22	C23	99.0	9.0	0.0
71	71	2	23	C24	103.5	9.0	0.0
72	95	3	0	D01	0.0	13.5	0.0
73	94	3	1	D02	4.5	13.5	0.0
74	93	3	2	D03	9.0	13.5	0.0
75	92	3	3	D04	13.5	13.5	0.0
76	91	3	4	D05	18.0	13.5	0.0
77	90	3	5	D06	22.5	13.5	0.0
78	89	3	6	D07	27.0	13.5	0.0
79	88	3	7	D08	31.5	13.5	0.0
80	87	3	8	D09	36.0	13.5	0.0
81	86	3	9	D10	40.5	13.5	0.0
82	85	3	10	D11	45.0	13.5	0.0
83	84	3	11	D12	49.5	13.5	0.0
84	83	3	12	D13	54.0	13.5	0.0
85	82	3	13	D14	58.5	13.5	0.0
86	81	3	14	D15	63.0	13.5	0.0
87	80	3	15	D16	67.5	13.5	0.0
88	79	3	16	D17	72.0	13.5	0.0
89	78	3	17	D18	76.5	13.5	0.0
90	77	3	18	D19	81.0	13.5	0.0
91	76	3	19	D20	85.5	13.5	0.0
92	75	3	20	D21	90.0	13.5	0.0
93	74	3	21	D22	94.5	13.5	0.0
94	73	3	22	D23	99.0	13.5	0.0
95	72	3	23	D24	103.5	13.5	0.0
96	96	4	0	E01	0.0	18.0	0.0
97	97	4	1	E02	4.5	18.0	0.0
98	98	4	2	E03	9.0	18.0	0.0
99	99	4	3	E04	13.5	18.0	0.0
100	100	4	4	E05	18.0	18.0	0.0
101	101	4	5	E06	22.5	18.0	0.0
102	102	4	6	E07	27.0	18.0	0.0
103	103	4	7	E08	31.5	18.0	0.0
104	104	4	8	E09	36.0	18.0	0.0
105	105	4	9	E10	40.5	18.0	0.0
106	106	4	10	E11	45.0	18.0	0.0
107	107	4	11	E12	49.5	18.0	0.0
108	108	4	12	E13	54.0	18.0	0.0
109	109	4	13	E14	58.5	18.0	0.0
110	110	4	14	E15	63.0	18.0	0.0
111	111	4	15	E16	67.5	18.0	0.0
112	112	4	16	E17	72.0	18.0	0.0
113	113	4	17	E18	76.5	18.0	0.0
114	114	4	18	E19	81.0	18.0	0.0
115	115	4	19	E20	85.5	18.0	0.0
116	116	4	20	E21	90.0	18.0	0.0
117	117	4	21	E22	94.5	18.0	0.0
118	118	4	22	E23	99.0	18.0	0.0
119	119	4	23	E24	103.5	18.0	0.0
120	143	5	0	F01	0.0	22.5	0.0
121	142	5	1	F02	4.5	22.5	0.0
122	141	5	2	F03	9.0	22.5	0.0
123	140	5	3	F04	13.5	22.5	0.0
124	139	5	4	F05	18.0	22.5	0.0
125	138	5	5	F06	22.5	22.5	0.0
126	137	5	6	F07	27.0	22.5	0.0
127	136	5	7	F08	31.5	22.5	0.0
128	135	5	8	F09	36.0	22.5	0.0
129	134	5	9	F10	40.5	22.5	0.0
130	133	5	10	F11	45.0	22.5	0.0
131	132	5	11	F12	49.5	22.5	0.0
132	131	5	12	F13	54.0	22.5	0.0
133	130	5	13	F14	58.5	22.5	0.0
134	129	5	14	F15	63.0	22.5	0.0
135	128	5	15	F16	67.5	22.5	0.0
136	127	5	16	F17	72.0	22.5	0.0
137	126	5	17	F18	76.5	22.5	0.0
138	125	5	18	F19	81.0	22.5	0.0
139	124	5	19	F20	85.5	22.5	0.0
140	123	5	20	F21	90.0	22.5	0.0
141	122	5	21	F22	94.5	22.5	0.0
142	121	5	22	F23	99.0	22.5	0.0
143	120	5	23	F24	103.5	22.5	0.0
144	144	6	0	G01	0.0	27.0	0.0
145	145	6	1	G02	4.5	27.0	0.0
146	146	6	2	G03	9.0	27.0	0.0
147	147	6	3	G04	13.5	27.0	0.0
148	148	6	4	G05	18.0	27.0	0.0
149	149	6	5	G06	22.5	27.0	0.0
150	150	6	6	G07	27.0	27.0	0.0
151	151	6	7	G08	31.5	27.0	0.0
152	152	6	8	G09	36.0	27.0	0.0
153	153	6	9	G10	40.5	27.0	0.0
154	154	6	10	G11	45.0	27.0	0.0
155	155	6	11	G12	49.5	27.0	0.0
156	156	6	12	G13	54.0	27.0	0.0
157	157	6	13	G14	58.5	27.0	0.0
158	158	6	14	G15	63.0	27.0	0.0
159	159	6	15	G16	67.5	27.0	0.0
160	160	6	16	G17	72.0	27.0	0.0
161	161	6	17	G18	76.5	27.0	0.0
162	162	6	18	G19	81.0	27.0	0.0
163	163	6	19	G20	85.5	27.0	0.0
164	164	6	20	G21	90.0	27.0	0.0
165	165	6	21	G22	94.5	27.0	0.0
166	166	6	22	G23	99.0	27.0	0.0
167	167	6	23	G24	103.5	27.0	0.0
168	191	7	0	H01	0.0	31.5	0.0
169	190	7	1	H02	4.5	31.5	0.0
170	189	7	2	H03	9.0	31.5	0.0
171	188	7	3	H04	13.5	31.5	0.0
172	187	7	4	H05	18.0	31.5	0.0
173	186	7	5	H06	22.5	31.5	0.0
174	185	7	6	H07	27.0	31.5	0.0
175	184	7	7	H08	31.5	31.5	0.0
176	183	7	8	H09	36.0	31.5	0.0
177	182	7	9	H10	40.5	31.5	0.0
178	181	7	10	H11	45.0	31.5	0.0
179	180	7	11	H12	49.5	31.5	0.0
180	179	7	12	H13	54.0	31.5	0.0
181	178	7	13	H14	58.5	31.5	0.0
182	177	7	14	H15	63.0	31.5	0.0
183	176	7	15	H16	67.5	31.5	0.0
184	175	7	16	H17	72.0	31.5	0.0
185	174	7	17	H18	76.5	31.5	0.0
186	173	7	18	H19	81.0	31.5	0.0
187	172	7	19	H20	85.5	31.5	0.0
188	171	7	20	H21	90.0	31.5	0.0
189	170	7	21	H22	94.5	31.5	0.0
190	169	7	22	H23	99.0	31.5	0.0
191	168	7	23	H24	103.5	31.5	0.0
192	192	8	0	I01	0.0	36.0	0.0
193	193	8	1	I02	4.5	36.0	0.0
194	194	8	2	I03	9.0	36.0	0.0
195	195	8	3	I04	13.5	36.0	0.0
196	196	8	4	I05	18.0	36.0	0.0
197	197	8	5	I06	22.5	36.0	0.0
198	198	8	6	I07	27.0	36.0	0.0
199	199	8	7	I08	31.5	36.0	0.0
200	200	8	8	I09	36.0	36.0	0.0
201	201	8	9	I10	40.5	36.0	0.0
202	202	8	10	I11	45.0	36.0	0.0
203	203	8	11	I12	49.5	36.0	0.0
204	204	8	12	I13	54.0	36.0	0.0
205	205	8	13	I14	58.5	36.0	0.0
206	206	8	14	I15	63.0	36.0	0.0
207	207	8	15	I16	67.5	36.0	0.0
208	208	8	16	I17	72.0	36.0	0.0
209	209	8	17	I18	76.5	36.0	0.0
210	210	8	18	I19	81.0	36.0	0.0
211	211	8	19	I20	85.5	36.0	0.0
212	212	8	20	I21	90.0	36.0	0.0
213	213	8	21	I22	94.5	36.0	0.0
214	214	8	22	I23	99.0	36.0	0.0
215	215	8	23	I24	103.5	36.0	0.0
216	239	9	0	J01	0.0	40.5	0.0
217	238	9	1	J02	4.5	40.5	0.0
218	237	9	2	J03	9.0	40.5	0.0
219	236	9	3	J04	13.5	40.5	0.0
220	235	9	4	J05	18.0	40.5	0.0
221	234	9	5	J06	22.5	40.5	0.0
222	233	9	6	J07	27.0	40.5	0.0
223	232	9	7	J08	31.5	40.5	0.0
224	231	9	8	J09	36.0	40.5	0.0
225	230	9	9	J10	40.5	40.5	0.0
226	229	9	10	J11	45.0	40.5	0.0
227	228	9	11	J12	49.5	40.5	0.0
228	227	9	12	J13	54.0	40.5	0.0
229	226	9	13	J14	58.5	40.5	0.0
230	225	9	14	J15	63.0	40.5	0.0
231	224	9	15	J16	67.5	40.5	0.0
232	223	9	16	J17	72.0	40.5	0.0
233	222	9	17	J18	76.5	40.5	0.0
234	221	9	18	J19	81.0	40.5	0.0
235	220	9	19	J20	85.5	40.5	0.0
236	219	9	20	J21	90.0	40.5	0.0
237	218	9	21	J22	94.5	40.5	0.0
238	217	9	22	J23	99.0	40.5	0.0
239	216	9	23	J24	103.5	40.5	0.0
240	240	10	0	K01	0.0	45.0	0.0
241	241	10	1	K02	4.5	45.0	0.0
242	242	10	2	K03	9.0	45.0	0.0
243	243	10	3	K04	13.5	45.0	0.0
244	244	10	4	K05	18.0	45.0	0.0
245	245	10	5	K06	22.5	45.0	0.0
246	246	10	6	K07	27.0	45.0	0.0
247	247	10	7	K08	31.5	45.0	0.0
248	248	10	8	K09	36.0	45.0	0.0
249	249	10	9	K10	40.5	45.0	0.0
250	250	10	10	K11	45.0	45.0	0.0
251	251	10	11	K12	49.5	45.0	0.0
252	252	10	12	K13	54.0	45.0	0.0
253	253	10	13	K14	58.5	45.0	0.0
254	254	10	14	K15	63.0	45.0	0.0
255	255	10	15	K16	67.5	45.0	0.0
256	256	10	16	K17	72.0	45.0	0.0
257	257	10	17	K18	76.5	45.0	0.0
258	258	10	18	K19	81.0	45.0	0.0
259	259	10	19	K20	85.5	45.0	0.0
260	260	10	20	K21	90.0	45.0	0.0
261	261	10	21	K22	94.5	45.0	0.0
262	262	10	22	K23	99.0	45.0	0.0
263	263	10	23	K24	103.5	45.0	0.0
264	287	11	0	L01	0.0	49.5	0.0
265	286	11	1	L02	4.5	49.5	0.0
266	285	11	2	L03	9.0	49.5	0.0
267	284	11	3	L04	13.5	49.5	0.0
268	283	11	4	L05	18.0	49.5	0.0
269	282	11	5	L06	22.5	49.5	0.0
270	281	11	6	L07	27.0	49.5	0.0
271	280	11	7	L08	31.5	49.5	0.0
272	279	11	8	L09	36.0	49.5	0.0
273	278	11	9	L10	40.5	49.5	0.0
274	277	11	10	L11	45.0	49.5	0.0
275	276	11	11	L12	49.5	49.5	0.0
276	275	11	12	L13	54.0	49.5	0.0
277	274	11	13	L14	58.5	49.5	0.0
278	273	11	14	L15	63.0	49.5	0.0
279	272	11	15	L16	67.5	49.5	0.0
280	271	11	16	L17	72.0	49.5	0.0
281	270	11	17	L18	76.5	49.5	0.0
282	269	11	18	L19	81.0	49.5	0.0
283	268	11	19	L20	85.5	49.5	0.0
284	267	11	20	L21	90.0	49.5	0.0
285	266	11	21	L22	94.5	49.5	0.0
286	265	11	22	L23	99.0	49.5	0.0
287	264	11	23	L24	103.5	49.5	0.0
288	288	12	0	M01	0.0	54.0	0.0
289	289	12	1	M02	4.5	54.0	0.0
290	290	12	2	M03	9.0	54.0	0.0
291	291	12	3	M04	13.5	54.0	0.0
292	292	12	4	M05	18.0	54.0	0.0
293	293	12	5	M06	22.5	54.0	0.0
294	294	12	6	M07	27.0	54.0	0.0
295	295	12	7	M08	31.5	54.0	0.0
296	296	12	8	M09	36.0	54.0	0.0
297	297	12	9	M10	40.5	54.0	0.0
298	298	12	10	M11	45.0	54.0	0.0
299	299	12	11	M12	49.5	54.0	0.0
300	300	12	12	M13	54.0	54.0	0.0
301	301	12	13	M14	58.5	54.0	0.0
302	302	12	14	M15	63.0	54.0	0.0
303	303	12	15	M16	67.5	54.0	0.0
304	304	12	16	M17	72.0	54.0	0.0
305	305	12	17	M18	76.5	54.0	0.0
306	306	12	18	M19	81.0	54.0	0.0
307	307	12	19	M20	85.5	54.0	0.0
308	308	12	20	M21	90.0	54.0	0.0
309	309	12	21	M22	94.5	54.0	0.0
310	310	12	22	M23	99.0	54.0	0.0
311	311	12	23	M24	103.5	54.0	0.0
312	335	13	0	N01	0.0	58.5	0.0
313	334	13	1	N02	4.5	58.5	0.0
314	333	13	2	N03	9.0	58.5	0.0
315	332	13	3	N04	13.5	58.5	0.0
316	331	13	4	N05	18.0	58.5	0.0
317	330	13	5	N06	22.5	58.5	0.0
318	329	13	6	N07	27.0	58.5	0.0
319	328	13	7	N08	31.5	58.5	0.0
320	327	13	8	N09	36.0	58.5	0.0
321	326	13	9	N10	40.5	58.5	0.0
322	325	13	10	N11	45.0	58.5	0.0
323	324	13	11	N12	49.5	58.5	0.0
324	323	13	12	N13	54.0	58.5	0.0
325	322	13	13	N14	58.5	58.5	0.0
326	321	13	14	N15	63.0	58.5	0.0
327	320	13	15	N16	67.5	58.5	0.0
328	319	13	16	N17	72.0	58.5	0.0
329	318	13	17	N18	76.5	58.5	0.0
330	317	13	18	N19	81.0	58.5	0.0
331	316	13	19	N20	85.5	58.5	0.0
332	315	13	20	N21	90.0	58.5	0.0
333	314	13	21	N22	94.5	58.5	0.0
334	313	13	22	N23	99.0	58.5	0.0
335	312	13	23	N24	103.5	58.5	0.0
336	336	14	0	O01	0.0	63.0	0.0
337	337	14	1	O02	4.5	63.0	0.0
338	338	14	2	O03	9.0	63.0	0.0
339	339	14	3	O04	13.5	63.0	0.0
340	340	14	4	O05	18.0	63.0	0.0
341	341	14	5	O06	22.5	63.0	0.0
342	342	14	6	O07	27.0	63.0	0.0
343	343	14	7	O08	31.5	63.0	0.0
344	344	14	8	O09	36.0	63.0	0.0
345	345	14	9	O10	40.5	63.0	0.0
346	346	14	10	O11	45.0	63.0	0.0
347	347	14	11	O12	49.5	63.0	0.0
348	348	14	12	O13	54.0	63.0	0.0
349	349	14	13	O14	58.5	63.0	0.0
350	350	14	14	O15	63.0	63.0	0.0
351	351	14	15	O16	67.5	63.0	0.0
352	352	14	16	O17	72.0	63.0	0.0
353	353	14	17	O18	76.5	63.0	0.0
354	354	14	18	O19	81.0	63.0	0.0
355	355	14	19	O20	85.5	63.0	0.0
356	356	14	20	O21	90.0	63.0	0.0
357	357	14	21	O22	94.5	63.0	0.0
358	358	14	22	O23	99.0	63.0	0.0
359	359	14	23	O24	103.5	63.0	0.0
360	383	15	0	P01	0.0	67.5	0.0
361	382	15	1	P02	4.5	67.5	0.0
362	381	15	2	P03	9.0	67.5	0.0
363	380	15	3	P04	13.5	67.5	0.0
364	379	15	4	P05	18.0	67.5	0.0
365	378	15	5	P06	22.5	67.5	0.0
366	377	15	6	P07	27.0	67.5	0.0
367	376	15	7	P08	31.5	67.5	0.0
368	375	15	8	P09	36.0	67.5	0.0
369	374	15	9	P10	40.5	67.5	0.0
370	373	15	10	P11	45.0	67.5	0.0
371	372	15	11	P12	49.5	67.5	0.0
372	371	15	12	P13	54.0	67.5	0.0
373	370	15	13	P14	58.5	67.5	0.0
374	369	15	14	P15	63.0	67.5	0.0
375	368	15	15	P16	67.5	67.5	0.0
376	367	15	16	P17	72.0	67.5	0.0
377	366	15	17	P18	76.5	67.5	0.0
378	365	15	18	P19	81.0	67.5	0.0
379	364	15	19	P20	85.5	67.5	0.0
380	363	15	20	P21	90.0	67.5	0.0
381	362	15	21	P22	94.5	67.5	0.0
382	361	15	22	P23	99.0	67.5	0.0
383	360	15	23	P24	103.5	67.5	0.0
