n	s	r	c	name	x	y	z
0	0	0	0	A01	0.0	0.0	0.0
1	1	0	1	A02	9.0	0.0	0.0
2	2	0	2	A03	18.0	0.0	0.0
3	3	0	3	A04	27.0	0.0	0.0
4	4	0	4	A05	36.0	0.0	0.0
5	5	0	5	A06	45.0	0.0	0.0
6	6	0	6	A07	54.0	0.0	0.0
7	7	0	7	A08	63.0	0.0	0.0
8	8	0	8	A09	72.0	0.0	0.0
9	9	0	9	A10	81.0	0.0	0.0
10	10	0	10	A11	90.0	0.0	0.0
11	11	0	11	A12	99.0	0.0	0.0
12	23	1	0	B01	0.0	9.0	0.0
13	22	1	1	B02	9.0	9.0	0.0
14	21	1	2	B03	18.0	9.0	0.0
15	20	1	3	B04	27.0	9.0	0.0
16	19	1	4	B05	36.0	9.0	0.0
17	18	1	5	B06	45.0	9.0	0.0
18	17	1	6	B07	54.0	9.0	0.0
19	16	1	7	B08	63.0	9.0	0.0
20	15	1	8	B09	72.0	9.0	0.0
21	14	1	9	B10	81.0	9.0	0.0
22	13	1	10	B11	90.0	9.0	0.0
23	12	1	11	B12	99.0	9.0	0.0
24	24	2	0	C01	0.0	18.0	0.0
25	25	2	1	C02	9.0	18.0	0.0
26	26	2	2	C03	18.0	18.0	0.0
27	27	2	3	C04	27.0	18.0	0.0
28	28	2	4	C05	36.0	18.0	0.0
29	29	2	5	C06	45.0	18.0	0.0
30	30	2	6	C07	54.0	18.0	0.0
31	31	2	7	C08	63.0	18.0	0.0
32	32	2	8	C09	72.0	18.0	0.0
33	33	2	9	C10	81.0	18.0	0.0
34	34	2	10	C11	90.0	18.0	0.0
35	35	2	11	C12	99.0	18.0	0.0
36	47	3	0	D01	0.0	27.0	0.0
37	46	3	1	D02	9.0	27.0	0.0
38	45	3	2	D03	18.0	27.0	0.0
39	44	3	3	D04	27.0	27.0	0.0
40	43	3	4	D05	36.0	27.0	0.0
41	42	3	5	D06	45.0	27.0	0.0
42	41	3	6	D07	54.0	27.0	0.0
43	40	3	7	D08	63.0	27.0	0.0
44	39	3	8	D09	72.0	27.0	0.0
45	38	3	9	D10	81.0	27.0	0.0
46	37	3	10	D11	90.0	27.0	0.0
47	36	3	11	D12	99.0	27.0	0.0
48	48	4	0	E01	0.0	36.0	0.0
49	49	4	1	E02	9.0	36.0	0.0
50	50	4	2	E03	18.0	36.0	0.0
51	51	4	3	E04	27.0	36.0	0.0
52	52	4	4	E05	36.0	36.0	0.0
53	53	4	5	E06	45.0	36.0	0.0
54	54	4	6	E07	54.0	36.0	0.0
55	55	4	7	E08	63.0	36.0	0.0
56	56	4	8	E09	72.0	36.0	0.0
57	57	4	9	E10	81.0	36.0	0.0
58	58	4	10	E11	90.0	36.0	0.0
59	59	4	11	E12	99.0	36.0	0.0
60	71	5	0	F01	0.0	45.0	0.0
61	70	5	1	F02	9.0	45.0	0.0
62	69	5	2	F03	18.0	45.0	0.0
63	68	5	3	F04	27.0	45.0	0.0
64	67	5	4	F05	36.0	45.0	0.0
65	66	5	5	F06	45.0	45.0	0.0
66	65	5	6	F07	54.0	45.0	0.0
67	64	5	7	F08	63.0	45.0	0.0
68	63	5	8	F09	72.0	45.0	0.0
69	62	5	9	F10	81.0	45.0	0.0
70	61	5	10	F11	90.0	45.0	0.0
71	60	5	11	F12	99.0	45.0	0.0
72	72	6	0	G01	0.0	54.0	0.0
73	73	6	1	G02	9.0	54.0	0.0
74	74	6	2	G03	18.0	54.0	0.0
75	75	6	3	G04	27.0	54.0	0.0
76	76	6	4	G05	36.0	54.0	0.0
77	77	6	5	G06	45.0	54.0	0.0
78	78	6	6	G07	54.0	54.0	0.0
79	79	6	7	G08	63.0	54.0	0.0
80	80	6	8	G09	72.0	54.0	0.0
81	81	6	9	G10	81.0	54.0	0.0
82	82	6	10	G11	90.0	54.0	0.0
83	83	6	11	G12	99.0	54.0	0.0
84	95	7	0	H01	0.0	63.0	0.0
85	94	7	1	H02	9.0	63.0	0.0
86	93	7	2	H03	18.0	63.0	0.0
87	92	7	3	H04	27.0	63.0	0.0
88	91	7	4	H05	36.0	63.0	0.0
89	90	7	5	H06	45.0	63.0	0.0
90	89	7	6	H07	54.0	63.0	0.0
91	88	7	7	H08	63.0	63.0	0.0
92	87	7	8	H09	72.0	63.0	0.0
93	86	7	9	H10	81.0	63.0	0.0
94	85	7	10	H11	90.0	63.0	0.0
95	84	7	11	H12	99.0	63.0	0.0
